9.668
9.647
9.653
9.649
9.668
9.639
9.666
9.643
10.493
9.687
9.64
11.463
8.819
7.805
8.56
8.564
8.931
8.945
9.077
9.389
9.449
9.63
9.635
9.01
8.592
10.267
8.212
8.027
7.834
9.639
8.969
7.833
7.775
7.55
7.536
9.335
7.601
7.537
7.567
7.54
7.559
9.06
7.61
7.492
8.185
7.803
7.806
7.807
7.803
7.772
7.542
7.528
7.546
7.533
9.318
7.477
7.534
7.523
7.521
7.53
9.316
7.511
7.555
7.518
7.544
7.534
7.547
7.554
7.544
7.55
7.538
7.537
7.542
7.538
7.557
9.319
8.939
7.622
7.528
7.539
7.55
7.53
7.556
7.525
7.539
7.539
7.558
9.319
7.485
7.526
7.536
7.5
7.541
9.317
7.569
7.537
7.545
7.527
7.547
9.265
