9.664
9.636
9.673
9.624
9.675
8.934
7.813
8.189
8.568
8.876
8.942
8.951
9.315
9.489
9.646
9.629
9.643
9.739
9.629
17.524
10.032
10.006
10.021
9.986
10.017
10.007
10.018
10.015
9.970
9.981
9.961
9.911
9.937
9.927
9.923
8.317
8.189
8.189
8.123
7.822
9.713
9.693
11.954
9.711
9.518
8.572
8.616
9.042
9.033
9.111
9.451
9.468
9.445
9.453
9.442
9.631
9.691
9.690
9.687
9.694
11.467
9.797
9.759
9.749
9.776
9.755
9.749
11.597
9.738
9.746
9.735
9.772
9.759
11.958
9.761
9.761
9.774
10.498
9.746
11.470
10.023
10.019
10.021
9.660
9.619
9.676
9.635
9.663
9.629
9.651
9.640
9.624
9.656
9.657
11.497
10.991
10.501
10.508
10.409
10.019
9.595
9.916
10.016
10.016
9.390
8.715
9.143
12.844
9.156
9.212
9.454
9.635
14.781
10.501
9.209
9.252
9.481
9.566
9.573
9.570
9.700
9.687
9.701
9.684
9.693
9.696
9.702
9.666
9.722
9.662
7.631
8.559
8.568
8.907
8.951
8.954
9.351
8.014
9.691
9.566
9.709
9.647
9.750
9.680
9.704
9.651
9.712
9.662
9.711
9.662
10.068
11.787
9.589
9.692
9.655
10.981
10.080
9.704
9.604
9.474
9.671
12.015
9.677
9.664
9.673
9.668
9.664
11.051
10.506
7.929
7.498
9.712
8.968
9.331
9.324
7.979
9.602
9.715
9.723
9.380
9.695
9.697
9.702
9.694
9.701
9.691
9.685
9.700
9.697
9.712
9.689
9.713
9.668
9.691
9.687
9.729
9.682
9.686
11.955
10.987
9.718
9.654
9.724
9.644
9.734
9.658
9.718
9.663
9.715
9.671
9.710
9.664
9.709
11.047
9.752
9.714
9.669
9.660
9.596
9.668
9.689
9.703
9.675
9.680
9.660
7.831
8.270
13.044
8.291
8.664
9.432
9.108
9.049
16.767
8.275
8.494
8.663
9.066
9.762
9.036
9.891
9.696
9.686
9.692
9.687
9.700
9.683
9.702
9.686
9.700
9.697
9.695
11.970
9.716
9.702
9.694
9.696
9.691
9.691
9.682
9.678
9.653
9.669
11.958
9.661
9.690
9.664
11.971
9.664
9.637
9.668
9.638
9.671
9.638
9.676
9.633
9.660
9.656
9.644
12.459
9.671
9.635
11.665
9.674
9.637
9.663
9.627
9.660
9.629
11.953
9.707
9.668
9.662
9.662
9.671
11.962
9.692
9.616
8.191
8.197
9.674
11.472
9.260
8.627
8.652
9.046
9.042
9.348
9.463
9.470
9.467
9.454
9.454
9.503
9.695
9.673
9.695
9.683
9.666
9.653
9.721
9.643
9.715
9.668
9.718
9.649
9.724
9.634
9.699
9.641
9.690
9.646
9.697
11.957
9.682
9.685
9.612
11.957
9.659
9.653
9.710
9.684
9.718
9.685
9.703
11.955
9.741
9.689
9.657
9.695
9.661
9.719
9.660
9.682
9.656
9.691
9.660
9.691
9.648
9.706
10.017
10.013
10.017
10.010
11.958
9.796
10.301
8.184
8.217
10.296
9.326
9.315
9.020
10.118
9.506
9.680
9.681
9.674
9.676
9.687
9.752
9.661
9.708
9.658
9.711
9.643
9.713
9.652
9.695
9.667
9.657
9.658
9.682
9.648
9.697
9.650
9.663
9.625
9.667
9.669
