9.652
9.656
9.655
9.652
9.644
7.839
8.19
13.08
9.336
8.569
8.83
8.953
8.94
9.356
9.504
13.26
9.342
8.973
9.121
9.34
9.454
9.604
9.101
8.94
8.942
8.939
8.952
8.561
8.184
8.254
8.062
7.879
7.818
7.817
7.745
7.546
7.547
7.549
7.53
7.549
9.322
8.933
8.563
8.178
8.19
7.938
7.802
7.809
7.808
7.806
7.814
7.534
7.54
7.545
7.491
9.341
8.943
8.573
8.18
8.19
7.808
7.801
7.805
7.816
7.81
7.806
7.533
7.545
7.528
7.543
7.53
7.556
7.532
7.527
7.542
7.548
7.529
7.54
7.533
9.305
8.934
8.569
8.18
9.33
8.955
8.574
8.937
8.556
8.561
8.184
8.182
7.801
7.814
7.803
7.81
7.813
7.617
7.532
7.544
7.531
