9.183
9.346
9.604
9.603
9.635
9.634
9.634
9.625
9.631
9.631
10.484
9.589
8.889
10.474
10.038
10.035
10.034
10.04
9.868
9.736
10.034
12.982
8.871
8.898
8.943
8.757
7.637
7.629
8.941
8.572
7.643
7.625
7.592
9.738
7.833
7.837
7.834
7.832
7.756
7.655
7.662
7.643
7.655
7.634
7.668
7.672
7.68
7.632
7.611
7.657
7.634
7.612
7.634
7.614
7.652
7.639
7.637
9.314
8.948
7.709
7.649
7.651
7.64
7.648
7.638
7.644
7.632
7.679
7.626
7.655
9.319
9.317
9.334
7.575
8.178
9.319
9.713
7.804
7.808
7.65
7.618
9.317
7.654
7.688
7.646
7.63
7.648
7.621
7.638
7.642
7.638
7.645
7.639
7.744
7.637
7.639
7.647
7.616
7.638
7.629
